api_password: 000000000000000000000000
base_url: example.duckdns.org:8123
travis_ci_api_key: 0000000000000000000000000000000000000000
office_latitude: 00.00000
office_longitude: 00.00000 
office_elevation: 0
